[{"fx": 3021.973876953125, "fy": 3002.004150390625, "height": 4079, "id": 0, "img_name": "PXL_20260329_224836559.jpg", "position": [-0.4770532588752676, 1.1448949987255617, 0.6274775317218331], "rotation": [[0.94406017497423, -0.19209023155908883, 0.2680516582776611], [0.14677495732738519, -0.48313615543175603, -0.863154993310051], [0.295309094161439, 0.8542135416261797, -0.4279155741850081]], "width": 3071}, {"fx": 3021.973876953125, "fy": 3002.004150390625, "height": 4079, "id": 1, "img_name": "PXL_20260329_225050428.jpg", "position": [-0.13005638917684426, 1.0146882593990245, 0.5543853810488206], "rotation": [[0.9664234642321896, 0.2151714986297541, -0.14045226466704272], [-0.07129144214083981, -0.3006129536039511, -0.9510780026734075], [-0.2468666568087435, 0.9291571784050184, -0.27517952696321585]], "width": 3071}, {"fx": 3021.973876953125, "fy": 3002.004150390625, "height": 4079, "id": 2, "img_name": "PXL_20260329_225048611.jpg", "position": [-0.4207334840728839, 1.0740127845007885, 0.6204230821494602], "rotation": [[0.9351101039251922, -0.3393377425553944, 0.1020731845868729], [-0.037501549546760445, -0.3812020234653881, -0.9237308282112459], [0.35236723940030323, 0.8599621651442936, -0.36919156143433357]], "width": 3071}, {"fx": 3021.973876953125, "fy": 3002.004150390625, "height": 4079, "id": 3, "img_name": "PXL_20260329_224941994.jpg", "position": [-0.14411972326714606, 1.5060405775935757, 0.4892851119483056], "rotation": [[0.9714086406526529, 0.2372073454170713, -0.009895427583841031], [0.07377230868201257, -0.34120353048054985, -0.9370900602640724], [-0.22566101672343197, 0.9095673677064735, -0.3489473918771929]], "width": 3071}, {"fx": 3021.973876953125, "fy": 3002.004150390625, "height": 4079, "id": 4, "img_name": "PXL_20260329_225013905.jpg", "position": [-0.09531301020106678, 1.079113795516098, 0.2415575397711058], "rotation": [[0.9145440030001567, 0.39365718694805796, -0.09296932929842588], [0.023701751070032837, -0.28160542691414725, -0.9592375341514133], [-0.4037914134452647, 0.8750613682387269, -0.26687093695218994]], "width": 3071}, {"fx": 3021.973876953125, "fy": 3002.004150390625, "height": 4079, "id": 5, "img_name": "PXL_20260329_224956867.jpg", "position": [-0.07701543198692867, 1.3436350631495224, 0.3121713374082162], "rotation": [[0.6208460999523322, 0.7368001527513474, -0.2677232301736206], [0.05737228200369973, -0.38330225390813727, -0.9218393304695988], [-0.7818303112835816, 0.5569605060297287, -0.2802436319965255]], "width": 3071}, {"fx": 3021.973876953125, "fy": 3002.004150390625, "height": 4079, "id": 6, "img_name": "PXL_20260329_225052546.jpg", "position": [0.22915221985874112, 1.3727318344134893, 0.3279460468704669], "rotation": [[0.3639109216562608, 0.888324618065794, -0.28008662931251394], [-0.09825264624950812, -0.26241641716459435, -0.9599396205162023], [-0.926237344941588, 0.37685169244888506, -0.008215963613756705]], "width": 3071}, {"fx": 3021.973876953125, "fy": 3002.004150390625, "height": 4079, "id": 7, "img_name": "PXL_20260329_224830254.jpg", "position": [0.2492962984007055, 1.1767980137753384, 0.5422342793510895], "rotation": [[0.6034114157096615, 0.6839905598387684, -0.4099409538526308], [0.013826710356799873, -0.5229745785773423, -0.8522361169381228], [-0.7973100983189796, 0.5085808668887264, -0.3250261490121572]], "width": 3071}, {"fx": 3021.973876953125, "fy": 3002.004150390625, "height": 4079, "id": 8, "img_name": "PXL_20260329_225035571.jpg", "position": [0.31812856396476835, 1.0153760103605953, 0.5387129229797417], "rotation": [[0.530930473563598, 0.6854526326108873, -0.49826440098021174], [-0.050318498893254945, -0.5614433092145505, -0.8259839425369035], [-0.8459200976366241, 0.4636119502335962, -0.26359641843730197]], "width": 3071}, {"fx": 3021.973876953125, "fy": 3002.004150390625, "height": 4079, "id": 9, "img_name": "PXL_20260329_224833228.jpg", "position": [-0.08268535500706115, 0.999483990796474, 0.8047109295464812], "rotation": [[0.9296115190747446, 0.354383892610655, -0.1011655363113612], [0.13305742252667235, -0.5787206633245459, -0.8045981321967787], [-0.34368320352917336, 0.7345028453557192, -0.5851388313914847]], "width": 3071}, {"fx": 3021.973876953125, "fy": 3002.004150390625, "height": 4079, "id": 10, "img_name": "PXL_20260329_224954536.jpg", "position": [-0.6398500447542754, 1.3418279114568945, 0.3513412784392751], "rotation": [[0.7898613587281539, -0.4409325629571512, 0.4262599066563814], [0.19611246219672387, -0.4769546929722807, -0.8567695928856924], [0.5810842524053824, 0.7603240811737643, -0.2902557104847691]], "width": 3071}, {"fx": 3021.973876953125, "fy": 3002.004150390625, "height": 4079, "id": 11, "img_name": "PXL_20260329_224939202.jpg", "position": [-0.6183804862288595, 1.4514368867597864, 0.3075235447583258], "rotation": [[0.6104017948796284, -0.7244548012463815, 0.3202732495261019], [0.09729244783343508, -0.3327033867073242, -0.937999284222204], [0.7860940710705628, 0.6037165855190548, -0.13259876645086732]], "width": 3071}, {"fx": 3021.973876953125, "fy": 3002.004150390625, "height": 4079, "id": 12, "img_name": "PXL_20260329_225011744.jpg", "position": [-0.4714483621483232, 1.1221341422277504, 0.13001836382610144], "rotation": [[0.5057010406511838, -0.8243993756243418, 0.25422848127281256], [0.12156925826866764, -0.22364899028257612, -0.9670584334683643], [0.854100323089402, 0.5199488117209653, -0.012877901050440677]], "width": 3071}, {"fx": 3021.973876953125, "fy": 3002.004150390625, "height": 4079, "id": 13, "img_name": "PXL_20260329_225046441.jpg", "position": [-0.731093553999117, 1.063630669395829, 0.4171034304985649], "rotation": [[0.41832633158860105, -0.812386469788742, 0.4062404059085907], [-0.016519462081900894, -0.45398603566100076, -0.8908556280313238], [0.9081465368418438, 0.36595753741403936, -0.20333450765136865]], "width": 3071}, {"fx": 3021.973876953125, "fy": 3002.004150390625, "height": 4079, "id": 14, "img_name": "PXL_20260329_224945528.jpg", "position": [0.08293304972372761, 1.2577659032028734, 0.1871397988195453], "rotation": [[-0.2455899594321509, 0.8949449205919278, -0.37250406984267276], [0.0765025523698154, -0.3651806153007072, -0.927787942857507], [-0.966350374185545, -0.25635288466836653, 0.02121911882682459]], "width": 3071}, {"fx": 3021.973876953125, "fy": 3002.004150390625, "height": 4079, "id": 15, "img_name": "PXL_20260329_224827488.jpg", "position": [0.390155860491722, 1.1534311510587976, 0.0713580467283067], "rotation": [[0.05391994873363349, 0.8278152359668736, -0.5584035577966607], [-0.022532560581644864, -0.5580660741778871, -0.8294905969057823], [-0.9982909908026678, 0.05730838222927563, -0.011438083928374254]], "width": 3071}, {"fx": 3021.973876953125, "fy": 3002.004150390625, "height": 4079, "id": 16, "img_name": "PXL_20260329_224840229.jpg", "position": [-0.9663311347512484, 1.0720374234969947, 0.24848793064802388], "rotation": [[0.33731384994029195, -0.661285321927966, 0.6700157458317826], [0.24374565077215168, -0.6261070744966497, -0.7406605172521701], [0.909289512622036, 0.4131484299733142, -0.050009194527045775]], "width": 3071}, {"fx": 3021.973876953125, "fy": 3002.004150390625, "height": 4079, "id": 17, "img_name": "PXL_20260329_225003239.MP.jpg", "position": [-0.34842160410510076, 1.1939392458698215, -0.20040203879312635], "rotation": [[-0.9316974407463047, -0.3476107533083998, 0.1053899403903783], [0.023962528814038694, -0.3483297716018791, -0.9370657273527436], [0.3624445649147581, -0.8705362792396294, 0.3328675963991111]], "width": 3071}, {"fx": 3021.973876953125, "fy": 3002.004150390625, "height": 4079, "id": 18, "img_name": "PXL_20260329_224952385.jpg", "position": [-0.5961411194406678, 1.1620851502590168, -0.27454883233291894], "rotation": [[-0.35583937640154195, -0.832519821518426, 0.4246045392689643], [0.1315015279583139, -0.49442648779387627, -0.8592146636242225], [0.9252489977018304, -0.24990628970278211, 0.28541400126206257]], "width": 3071}, {"fx": 3021.973876953125, "fy": 3002.004150390625, "height": 4079, "id": 19, "img_name": "PXL_20260329_224933580.jpg", "position": [-0.7134010848337178, 1.0196898365179674, -0.21602883570297626], "rotation": [[-0.3433733488138894, -0.8344927223669174, 0.4309487217868291], [0.13120036392138895, -0.49696749893216197, -0.8577935459469099], [0.9299899864563319, -0.2380028587133098, 0.28013115610670314]], "width": 3071}, {"fx": 3021.973876953125, "fy": 3002.004150390625, "height": 4079, "id": 20, "img_name": "PXL_20260329_225042493.jpg", "position": [-0.46926374673229326, 1.032884768402626, -0.43679630749507165], "rotation": [[-0.831307174323874, -0.4318798215448738, 0.34986873892911835], [-0.05725093261105256, -0.5595887912555136, -0.8267906340432398], [0.5528568544736601, -0.70734732520111, 0.4404646353782491]], "width": 3071}, {"fx": 3021.973876953125, "fy": 3002.004150390625, "height": 4079, "id": 21, "img_name": "PXL_20260329_224843680.jpg", "position": [-0.8026444348300579, 1.016880143521891, -0.4070240487702326], "rotation": [[-0.31031421150660404, -0.8046417801385983, 0.506218105733435], [0.2997199859270602, -0.5881584748955019, -0.7511574223466413], [0.9021491235202148, -0.08137112422379755, 0.42368115922046057]], "width": 3071}, {"fx": 3021.973876953125, "fy": 3002.004150390625, "height": 4079, "id": 22, "img_name": "PXL_20260329_224815299.jpg", "position": [-0.963772631632446, 0.9358460411045433, -0.2357579168159315], "rotation": [[-0.3674687455121992, -0.6960291047514016, 0.6168554372880724], [0.058653815427716076, -0.6792832407486222, -0.7315285567483806], [0.9281846584559656, -0.23263294882016253, 0.29044006612585244]], "width": 3071}, {"fx": 3021.973876953125, "fy": 3002.004150390625, "height": 4079, "id": 23, "img_name": "PXL_20260329_225044355.jpg", "position": [-0.9542054213191562, 0.9804639530309894, -0.21234156495258028], "rotation": [[-0.4027502306815796, -0.7439066781852646, 0.5332869947296865], [-0.002373666276770133, -0.5817791979453762, -0.8133433004486367], [0.915306835807534, -0.3288400685121633, 0.2325459794213347]], "width": 3071}, {"fx": 3021.973876953125, "fy": 3002.004150390625, "height": 4079, "id": 24, "img_name": "PXL_20260329_224852392.jpg", "position": [-0.1964695184749504, 1.0773475012870501, -0.6815830992429535], "rotation": [[-0.9488054454711304, -0.2946558866745019, -0.11378192695551421], [0.26623830425170447, -0.5522231827699458, -0.7900421931542703], [0.16995756875956086, -0.7798895237724155, 0.6024011166427372]], "width": 3071}, {"fx": 3021.973876953125, "fy": 3002.004150390625, "height": 4079, "id": 25, "img_name": "PXL_20260329_225000522.jpg", "position": [0.0028484025599310736, 1.2490858747754627, -0.061647017554082195], "rotation": [[-0.468993757039461, 0.8354395286301601, -0.2865061715029403], [-0.026191957380580472, -0.33740848884282726, -0.940993890159821], [-0.8828131174417062, -0.4338160957198133, 0.180124312726004]], "width": 3071}, {"fx": 3021.973876953125, "fy": 3002.004150390625, "height": 4079, "id": 26, "img_name": "PXL_20260329_224949514.jpg", "position": [-0.009271608589397518, 1.2985515260398528, -0.3168107989220192], "rotation": [[-0.9957562646036928, 0.0743774315808562, -0.054200521979413226], [0.014749422992876743, -0.4523514710406105, -0.8917177964934095], [-0.09084133429178869, -0.8887329992070717, 0.44933481356117366]], "width": 3071}, {"fx": 3021.973876953125, "fy": 3002.004150390625, "height": 4079, "id": 27, "img_name": "PXL_20260329_225040577.jpg", "position": [0.03224512166014751, 1.081637329324841, -0.2967862818400456], "rotation": [[-0.964589125991003, 0.2501632470922355, -0.08358287418697125], [-0.08635723413230346, -0.5989680974654974, -0.7961027261135739], [-0.24921911974027225, -0.7606941336666282, 0.5993615466225128]], "width": 3071}, {"fx": 3021.973876953125, "fy": 3002.004150390625, "height": 4079, "id": 28, "img_name": "PXL_20260329_224928585.jpg", "position": [-0.04495845173772786, 1.0126252810759042, -0.49604514286882984], "rotation": [[-0.9633681545680053, 0.25414370252693236, -0.0856332590695332], [-0.07654075458943073, -0.566584653096812, -0.8204409489598672], [-0.2570283862099252, -0.7838322815479642, 0.565281946932239]], "width": 3071}, {"fx": 3021.973876953125, "fy": 3002.004150390625, "height": 4079, "id": 29, "img_name": "PXL_20260329_224823857.jpg", "position": [0.12836156036143656, 1.0910405506885958, -0.5633528589679124], "rotation": [[-0.8129646460950833, 0.48266242904859474, -0.3257689634378983], [-0.06691775636266942, -0.6331694711755604, -0.7711150386378233], [-0.578455202629783, -0.6050895663294309, 0.547043130301422]], "width": 3071}, {"fx": 3021.973876953125, "fy": 3002.004150390625, "height": 4079, "id": 30, "img_name": "PXL_20260329_224819764.jpg", "position": [-0.4855176096893258, 0.9547760165306667, -0.671628166743623], "rotation": [[-0.9720397659476238, -0.1642668861709908, 0.16779463737111647], [-0.021254220329367825, -0.6500960948830392, -0.7595546860351404], [0.23385237522173657, -0.7418837458495645, 0.6284279281720644]], "width": 3071}, {"fx": 3021.973876953125, "fy": 3002.004150390625, "height": 4079, "id": 31, "img_name": "PXL_20260329_225038627.jpg", "position": [0.3046740111066434, 0.9143514826255079, -0.049993568807861655], "rotation": [[-0.39197474068338256, 0.7675091298808927, -0.5072333540990644], [-0.14948968892434053, -0.597164636553718, -0.788065523676752], [-0.9077492332521184, -0.23307564842738265, 0.3488081688099084]], "width": 3071}, {"fx": 3021.973876953125, "fy": 3002.004150390625, "height": 4079, "id": 32, "img_name": "PXL_20260329_224924129.jpg", "position": [0.3598309714248657, 1.1519595184712392, 0.003724961132454796], "rotation": [[-0.41393585969701563, 0.7601410478321274, -0.5008420646727223], [0.11716316100392968, -0.5011266321269775, -0.857405917399258], [-0.9027347539815598, -0.41359123942776554, 0.11837374904264408]], "width": 3071}, {"fx": 3021.973876953125, "fy": 3002.004150390625, "height": 4079, "id": 33, "img_name": "PXL_20260329_224856597.MP.jpg", "position": [0.6002070826663741, 1.0031854456915492, -0.05396431263455709], "rotation": [[-0.6105856808812085, 0.4075172456671966, -0.6790545986499293], [0.42631983982956895, -0.5534718765881554, -0.7154860090887991], [-0.6674105369274876, -0.7263600506668584, 0.1642093990523475]], "width": 3071}, {"fx": 3021.973876953125, "fy": 3002.004150390625, "height": 4079, "id": 34, "img_name": "PXL_20260329_225026820.jpg", "position": [-1.23232399621231, 0.7469656265764348, -0.08357739153337079], "rotation": [[-0.11469752668579057, -0.5357809612770499, 0.8365304394981509], [-0.016623934231917003, -0.8409347123375968, -0.5408811825166977], [0.9932613200093433, -0.0759441583833258, 0.08754632549944856]], "width": 3071}, {"fx": 3021.973876953125, "fy": 3002.004150390625, "height": 4079, "id": 35, "img_name": "PXL_20260329_225022557.jpg", "position": [-0.5795442460621897, 0.7229933877230676, -0.8221300932649435], "rotation": [[-0.9192182847182577, -0.14672454768472326, 0.36538955209415613], [-0.11193411183795876, -0.7923162238406024, -0.5997547830505107], [0.3775027931807503, -0.592205060215006, 0.7118880610981478]], "width": 3071}, {"fx": 3021.973876953125, "fy": 3002.004150390625, "height": 4079, "id": 36, "img_name": "PXL_20260329_225030110.MP.jpg", "position": [-0.6437175637133632, 0.8995916363116104, 0.8441253894830822], "rotation": [[0.8949888392410319, -0.3158620722101952, 0.31500177434595894], [0.017628729124240173, -0.6805468112079158, -0.7324925078882125], [0.44574006029504243, 0.6611257273781215, -0.6035135514422102]], "width": 3071}, {"fx": 3021.973876953125, "fy": 3002.004150390625, "height": 4079, "id": 37, "img_name": "PXL_20260329_225020323.jpg", "position": [0.1425238886669173, 0.7023429636695224, -0.9001508912872376], "rotation": [[-0.8807982004788241, 0.393555735800276, -0.26326473567817976], [-0.18868381866732917, -0.8016910523811721, -0.567177166084958], [-0.4342727836739876, -0.44989475519133626, 0.7803856835831681]], "width": 3071}]