[{"fx":3022.072265625,"fy":3001.857177734375,"height":4079,"id":0,"img_name":"PXL_20260329_224941994.jpg","position":[0.04018921032547951,0.3454189896583557,-0.5860339999198914],"rotation":[[0.999691367149353,0.01870635151863098,0.016346238553524017],[-0.018442023545503616,0.9996991157531738,-0.016174333170056343],[-0.016643881797790527,0.01586788333952427,0.9997355341911316]],"width":3071},{"fx":3022.072265625,"fy":3001.857177734375,"height":4079,"id":1,"img_name":"PXL_20260329_224836559.jpg","position":[-0.35655197501182556,0.5282215476036072,-0.2644132971763611],"rotation":[[0.8651797771453857,-0.39559489488601685,0.3081698715686798],[0.4304583668708801,0.9011266231536865,-0.051733724772930145],[-0.25723448395729065,0.17741325497627258,0.9499236345291138]],"width":3071},{"fx":3022.072265625,"fy":3001.857177734375,"height":4079,"id":2,"img_name":"PXL_20260329_225050428.jpg","position":[0.012765982188284397,0.5831868648529053,-0.11633323132991791],"rotation":[[0.9918210506439209,-0.004888901486992836,-0.12754254043102264],[0.00849174428731203,0.999579668045044,0.027719728648662567],[0.12735341489315033,-0.028576068580150604,0.9914456605911255]],"width":3071},{"fx":3022.072265625,"fy":3001.857177734375,"height":4079,"id":3,"img_name":"PXL_20260329_225048611.jpg","position":[-0.3004731237888336,0.559112548828125,-0.1921577751636505],"rotation":[[0.8346054553985596,-0.5351512432098389,0.13056357204914093],[0.5413006544113159,0.840707540512085,-0.014298100024461746],[-0.10211414098739624,0.08260741829872131,0.9913368225097656]],"width":3071},{"fx":3022.072265625,"fy":3001.857177734375,"height":4079,"id":4,"img_name":"PXL_20260329_225013905.jpg","position":[0.12368425726890564,0.2630249857902527,-0.07168643176555634],"rotation":[[0.9797830581665039,0.18181844055652618,-0.08346987515687943],[-0.1782408207654953,0.9827888607978821,0.04854188859462738],[0.0908590778708458,-0.03268278390169144,0.9953272938728333]],"width":3071},{"fx":3022.072265625,"fy":3001.857177734375,"height":4079,"id":5,"img_name":"PXL_20260329_224956867.jpg","position":[0.1413586139678955,0.2444344311952591,-0.36239203810691833],"rotation":[[0.7760701179504395,0.5793228149414063,-0.2491990476846695],[-0.6011257171630859,0.7990221381187439,-0.014542363584041595],[0.19069083034992218,0.161085844039917,0.9683430790901184]],"width":3071},{"fx":3022.072265625,"fy":3001.857177734375,"height":4079,"id":6,"img_name":"PXL_20260329_225052546.jpg","position":[0.4566040337085724,0.32093292474746704,-0.4044874310493469],"rotation":[[0.5483288764953613,0.7720887064933777,-0.3212699890136719],[-0.7392615675926208,0.6271202564239502,0.2453823685646057],[0.3909319043159485,0.10295230895280838,0.9146437048912048]],"width":3071},{"fx":3022.072265625,"fy":3001.857177734375,"height":4079,"id":7,"img_name":"PXL_20260329_224830254.jpg","position":[0.41784778237342834,0.6033552289009094,-0.283748060464859],"rotation":[[0.7601606249809265,0.5309790968894958,-0.3744555413722992],[-0.6049051880836487,0.7887228727340698,-0.10957161337137222],[0.23716142773628235,0.3098021447658539,0.9207481145858765]],"width":3071},{"fx":3022.072265625,"fy":3001.857177734375,"height":4079,"id":8,"img_name":"PXL_20260329_225035571.jpg","position":[0.4811347723007202,0.6721379160881042,-0.12217610329389572],"rotation":[[0.6965422630310059,0.5400475263595581,-0.4724167585372925],[-0.6444686651229858,0.7603231072425842,-0.08104920387268066],[0.31541895866394043,0.3609119653701782,0.8776408433914185]],"width":3071},{"fx":3022.072265625,"fy":3001.857177734375,"height":4079,"id":9,"img_name":"PXL_20260329_224833228.jpg","position":[0.004076230339705944,0.8441281914710999,-0.19022336602210999],"rotation":[[0.9873033761978149,0.15811379253864288,-0.015234909951686859],[-0.1554824262857437,0.9423089027404785,-0.2964441776275635],[-0.03251591697335243,0.2950490713119507,0.9549286961555481]],"width":3071},{"fx":3022.072265625,"fy":3001.857177734375,"height":4079,"id":10,"img_name":"PXL_20260329_224945528.jpg","position":[0.3308282196521759,0.18904301524162292,-0.23593342304229736],"rotation":[[-0.02859210968017578,0.9088249206542969,-0.4161967635154724],[-0.9669915437698364,0.0803188681602478,0.24181880056858063],[0.25319939851760864,0.40937286615371704,0.8765294551849365]],"width":3071},{"fx":3022.072265625,"fy":3001.857177734375,"height":4079,"id":11,"img_name":"PXL_20260329_224954536.jpg","position":[-0.4515088200569153,0.15192759037017822,-0.36102303862571716],"rotation":[[0.656164288520813,-0.6178457736968994,0.43326103687286377],[0.6431050300598145,0.7582250833511353,0.10728775709867477],[-0.3947966694831848,0.20823389291763306,0.8948599100112915]],"width":3071},{"fx":3022.072265625,"fy":3001.857177734375,"height":4079,"id":12,"img_name":"PXL_20260329_224939202.jpg","position":[-0.41317808628082275,0.07599285989999771,-0.45603764057159424],"rotation":[[0.4320332407951355,-0.8533181548118591,0.29188260436058044],[0.8245243430137634,0.5048525333404541,0.25550657510757446],[-0.365386039018631,0.13027697801589966,0.9216945767402649]],"width":3071},{"fx":3022.072265625,"fy":3001.857177734375,"height":4079,"id":13,"img_name":"PXL_20260329_225011744.jpg","position":[-0.23856192827224731,0.05136118456721306,-0.06672229617834091],"rotation":[[0.31660109758377075,-0.9271800518035889,0.2002522498369217],[0.8560885190963745,0.37021446228027344,0.3606296479701996],[-0.4085049033164978,0.057257890701293945,0.910958468914032]],"width":3071},{"fx":3022.072265625,"fy":3001.857177734375,"height":4079,"id":14,"img_name":"PXL_20260329_225046441.jpg","position":[-0.576580822467804,0.29179781675338745,-0.1028994545340538],"rotation":[[0.21260249614715576,-0.8944696187973022,0.3933500349521637],[0.9318230152130127,0.30675870180130005,0.19391989707946777],[-0.2941190302371979,0.3253047466278076,0.8987050652503967]],"width":3071},{"fx":3022.072265625,"fy":3001.857177734375,"height":4079,"id":15,"img_name":"PXL_20260329_224827488.jpg","position":[0.670128345489502,0.1840456873178482,-0.09784960001707077],"rotation":[[0.2652627229690552,0.7661020755767822,-0.5854259133338928],[-0.8982573747634888,0.417009174823761,0.13869796693325043],[0.35038483142852783,0.48907166719436646,0.7987736463546753]],"width":3071},{"fx":3022.072265625,"fy":3001.857177734375,"height":4079,"id":16,"img_name":"PXL_20260329_224840229.jpg","position":[-0.7816734910011292,0.06919526308774948,-0.04643261432647705],"rotation":[[0.1468973159790039,-0.7661797404289246,0.6256115436553955],[0.8298831582069397,0.43962639570236206,0.3435441851615906],[-0.5382519960403442,0.4687187075614929,0.7004196047782898]],"width":3071},{"fx":3022.072265625,"fy":3001.857177734375,"height":4079,"id":17,"img_name":"PXL_20260329_225003239.MP.jpg","position":[-0.031616516411304474,-0.2678024470806122,-0.02544952929019928],"rotation":[[-0.9851683378219604,-0.17069639265537262,-0.01749264821410179],[0.1207910031080246,-0.7623018026351929,0.635850191116333],[-0.12187200784683228,0.6243065595626831,0.7716142535209656]],"width":3071},{"fx":3022.072265625,"fy":3001.857177734375,"height":4079,"id":18,"img_name":"PXL_20260329_224952385.jpg","position":[-0.27344223856925964,-0.38710877299308777,0.03855328634381294],"rotation":[[-0.5384700298309326,-0.7842959761619568,0.3081073760986328],[0.7291463017463684,-0.25040173530578613,0.6369026303291321],[-0.4223695993423462,0.5676081776618958,0.7067000269889832]],"width":3071},{"fx":3022.072265625,"fy":3001.857177734375,"height":4079,"id":19,"img_name":"PXL_20260329_224933580.jpg","position":[-0.4164362847805023,-0.3076165020465851,0.16352343559265137],"rotation":[[-0.5272787809371948,-0.7889067530632019,0.3155997395515442],[0.73642498254776,-0.23901617527008057,0.6328897476196289],[-0.42385756969451904,0.5661249160766602,0.7069988250732422]],"width":3071},{"fx":3022.072265625,"fy":3001.857177734375,"height":4079,"id":20,"img_name":"PXL_20260329_225042493.jpg","position":[-0.11198139190673828,-0.47101065516471863,0.22210422158241272],"rotation":[[-0.9323008060455322,-0.29892781376838684,0.20361092686653137],[0.3443826138973236,-0.5616471767425537,0.7522985935211182],[-0.11052548140287399,0.7714886665344238,0.6265695095062256]],"width":3071},{"fx":3022.072265625,"fy":3001.857177734375,"height":4079,"id":21,"img_name":"PXL_20260329_224843680.jpg","position":[-0.46549052000045776,-0.5141701102256775,0.2357809692621231],"rotation":[[-0.4803440570831299,-0.7981030941009521,0.36373206973075867],[0.6627829074859619,-0.05868256092071533,0.7465087175369263],[-0.5744462013244629,0.5996564626693726,0.5571568608283997]],"width":3071},{"fx":3022.072265625,"fy":3001.857177734375,"height":4079,"id":22,"img_name":"PXL_20260329_224815299.jpg","position":[-0.6762052178382874,-0.3561250567436218,0.26054948568344116],"rotation":[[-0.5542453527450562,-0.6644887924194336,0.5012651085853577],[0.7531799077987671,-0.14403283596038818,0.6418524384498596],[-0.35430508852005005,0.7332865595817566,0.5803091526031494]],"width":3071},{"fx":3022.072265625,"fy":3001.857177734375,"height":4079,"id":23,"img_name":"PXL_20260329_225044355.jpg","position":[-0.6692304611206055,-0.34638500213623047,0.2072622925043106],"rotation":[[-0.5890318155288696,-0.6854795217514038,0.42797109484672546],[0.753680944442749,-0.2749207019805908,0.5969787240028381],[-0.2915585935115814,0.6741932034492493,0.6785699129104614]],"width":3071},{"fx":3022.072265625,"fy":3001.857177734375,"height":4079,"id":24,"img_name":"PXL_20260329_224852392.jpg","position":[0.22913053631782532,-0.6620444059371948,0.2573011815547943],"rotation":[[-0.9479509592056274,-0.14914269745349884,-0.281328022480011],[-0.13918595016002655,-0.6005580425262451,0.7873737215995789],[-0.28638482093811035,0.7855486273765564,0.5485409498214722]],"width":3071},{"fx":3022.072265625,"fy":3001.857177734375,"height":4079,"id":25,"img_name":"PXL_20260329_225000522.jpg","position":[0.30375996232032776,-0.06967849284410477,-0.13789567351341248],"rotation":[[-0.26967644691467285,0.8903223276138306,-0.3668799102306366],[-0.9055898189544678,-0.10495245456695557,0.41096484661102295],[0.3273862302303314,0.4430702328681946,0.8345699906349182]],"width":3071},{"fx":3022.072265625,"fy":3001.857177734375,"height":4079,"id":26,"img_name":"PXL_20260329_224949514.jpg","position":[0.35208481550216675,-0.3392000198364258,-0.09738200157880783],"rotation":[[-0.9510526657104492,0.23939743638038635,-0.1954173445701599],[-0.30662187933921814,-0.6522407531738281,0.6932281255722046],[0.038497887551784515,0.7192156314849854,0.6937196254730225]],"width":3071},{"fx":3022.072265625,"fy":3001.857177734375,"height":4079,"id":27,"img_name":"PXL_20260329_225040577.jpg","position":[0.3788723647594452,-0.23423495888710022,0.11217517405748367],"rotation":[[-0.8919442892074585,0.37575632333755493,-0.2514811158180237],[-0.41239118576049805,-0.44802677631378174,0.7932248711585999],[0.18538901209831238,0.8112209439277649,0.5545732975006104]],"width":3071},{"fx":3022.072265625,"fy":3001.857177734375,"height":4079,"id":28,"img_name":"PXL_20260329_224928585.jpg","position":[0.34043586254119873,-0.4228605329990387,0.2534017264842987],"rotation":[[-0.8885672092437744,0.38624104857444763,-0.24752011895179749],[-0.4225488007068634,-0.4790254831314087,0.7694070339202881],[0.17860811948776245,0.7882591485977173,0.5888519287109375]],"width":3071},{"fx":3022.072265625,"fy":3001.857177734375,"height":4079,"id":29,"img_name":"PXL_20260329_224823857.jpg","position":[0.5398513674736023,-0.47554337978363037,0.19415952265262604],"rotation":[[-0.6725002527236938,0.5673940181732178,-0.47519195079803467],[-0.6880879402160645,-0.24289929866790771,0.6837652325630188],[0.27254045009613037,0.7868061661720276,0.5537669062614441]],"width":3071},{"fx":3022.072265625,"fy":3001.857177734375,"height":4079,"id":30,"img_name":"PXL_20260329_224819764.jpg","position":[-0.07986204326152802,-0.6771383285522461,0.3835847079753876],"rotation":[[-0.9993244409561157,-0.035198476165533066,-0.010577615350484848],[0.008649520576000214,-0.5049452781677246,0.8631080985069275],[-0.03572120517492294,0.8624334931373596,0.5049085021018982]],"width":3071},{"fx":3022.072265625,"fy":3001.857177734375,"height":4079,"id":31,"img_name":"PXL_20260329_225038627.jpg","position":[0.5959137082099915,0.12884196639060974,0.18676115572452545],"rotation":[[-0.19566428661346436,0.767397403717041,-0.6105873584747314],[-0.8712903261184692,0.1497165560722351,0.46737366914749146],[0.4500763714313507,0.6234471201896667,0.6393316984176636]],"width":3071},{"fx":3022.072265625,"fy":3001.857177734375,"height":4079,"id":32,"img_name":"PXL_20260329_224924129.jpg","position":[0.6539687514305115,0.11146245896816254,-0.07186903059482574],"rotation":[[-0.20424795150756836,0.8039460778236389,-0.5585278868675232],[-0.9588186144828796,-0.049268364906311035,0.2797132134437561],[0.19735653698444366,0.5926578044891357,0.7809014916419983]],"width":3071},{"fx":3022.072265625,"fy":3001.857177734375,"height":4079,"id":33,"img_name":"PXL_20260329_224856597.MP.jpg","position":[0.9081794023513794,0.16287033259868622,0.09193054586648941],"rotation":[[-0.4304417371749878,0.5242738723754883,-0.734749436378479],[-0.8868943452835083,-0.3969402313232422,0.23634037375450134],[-0.16774454712867737,0.7533758878707886,0.6358352899551392]],"width":3071},{"fx":3022.072265625,"fy":3001.857177734375,"height":4079,"id":34,"img_name":"PXL_20260329_225026820.jpg","position":[-1.0,-0.2043835073709488,0.40286964178085327],"rotation":[[-0.32557809352874756,-0.5502000451087952,0.768946647644043],[0.8930746912956238,0.08812826871871948,0.4411928057670593],[-0.31051018834114075,0.8303694128990173,0.4626770615577698]],"width":3071},{"fx":3022.072265625,"fy":3001.857177734375,"height":4079,"id":35,"img_name":"PXL_20260329_225022557.jpg","position":[-0.15560580790042877,-0.7654370665550232,0.6715694069862366],"rotation":[[-0.9833471775054932,-0.05770183354616165,0.17233315110206604],[0.1817346215248108,-0.3167259693145752,0.9309442639350891],[0.0008651912212371826,0.946760356426239,0.3219379782676697]],"width":3071},{"fx":3022.072265625,"fy":3001.857177734375,"height":4079,"id":36,"img_name":"PXL_20260329_225030110.MP.jpg","position":[-0.5921947360038757,0.7862655520439148,-0.0909142717719078],"rotation":[[0.7783466577529907,-0.4853941798210144,0.39820730686187744],[0.6002617478370667,0.7612296342849731,-0.24538806080818176],[-0.18401730060577393,0.43002554774284363,0.8838640451431274]],"width":3071},{"fx":3022.072265625,"fy":3001.857177734375,"height":4079,"id":37,"img_name":"PXL_20260329_225020323.jpg","position":[0.609779417514801,-0.6660178303718567,0.702533483505249],"rotation":[[-0.7758841514587402,0.4384097754955292,-0.45365241169929504],[-0.5305871963500977,-0.06445586681365967,0.8451760411262512],[0.3412928879261017,0.8964609503746033,0.2826249599456787]],"width":3071}]