[{"fx":3018.650634765625,"fy":3016.072021484375,"height":4079,"id":0,"img_name":"PXL_20260331_200919227.jpg","position":[0.10159888863563538,0.36986932158470154,-0.44519737362861633],"rotation":[[0.9975892305374146,-0.002962713595479727,-0.06933175772428513],[-0.009900225326418877,0.9827924370765686,-0.18444782495498657],[0.06868519634008408,0.18468958139419556,0.9803938269615173]],"width":3071},{"fx":3018.650634765625,"fy":3016.072021484375,"height":4079,"id":1,"img_name":"PXL_20260331_200859021.jpg","position":[-0.6588343381881714,0.08103802800178528,-0.38743478059768677],"rotation":[[0.4613455533981323,-0.683175802230835,0.566066324710846],[0.7914050817489624,0.605282187461853,0.08550749719142914],[-0.401046484708786,0.40853923559188843,0.8199130296707153]],"width":3071},{"fx":3018.650634765625,"fy":3016.072021484375,"height":4079,"id":2,"img_name":"PXL_20260331_200916248.jpg","position":[-0.24370761215686798,0.3571314513683319,-0.4799862205982208],"rotation":[[0.8368776440620422,-0.4619407057762146,0.29367774724960327],[0.514170229434967,0.8474336862564087,-0.13223156332969666],[-0.18778926134109497,0.26166200637817383,0.9467144012451172]],"width":3071},{"fx":3018.650634765625,"fy":3016.072021484375,"height":4079,"id":3,"img_name":"PXL_20260331_200939339.jpg","position":[-0.3313179314136505,0.14826379716396332,-0.33520984649658203],"rotation":[[0.6758857369422913,-0.6171875596046448,0.40281254053115845],[0.6727691292762756,0.7398373484611511,0.0047250837087631226],[-0.30093204975128174,0.2678062319755554,0.9152703285217285]],"width":3071},{"fx":3018.650634765625,"fy":3016.072021484375,"height":4079,"id":4,"img_name":"PXL_20260331_201042710.jpg","position":[-0.5401520729064941,0.47099873423576355,-0.10224311053752899],"rotation":[[0.6921063661575317,-0.38603734970092773,0.60988849401474],[0.644654393196106,0.7106670141220093,-0.281732439994812],[-0.32466840744018555,0.5881560444831848,0.7407178282737732]],"width":3071},{"fx":3018.650634765625,"fy":3016.072021484375,"height":4079,"id":5,"img_name":"PXL_20260331_200942910.jpg","position":[0.04337011277675629,0.09434328973293304,-0.47460365295410156],"rotation":[[0.983031690120697,-0.18167510628700256,0.025354867801070213],[0.1792437732219696,0.9807273149490356,0.07775374501943588],[-0.03899213299155235,-0.07188969105482101,0.9966501593589783]],"width":3071},{"fx":3018.650634765625,"fy":3016.072021484375,"height":4079,"id":6,"img_name":"PXL_20260331_200945353.jpg","position":[0.38041844964027405,0.0035194167867302895,-0.3484799861907959],"rotation":[[0.8312050700187683,0.4925228953361511,-0.2579135000705719],[-0.47405606508255005,0.8702318668365479,0.13404236733913422],[0.29046347737312317,0.010848741978406906,0.9568246006965637]],"width":3071},{"fx":3018.650634765625,"fy":3016.072021484375,"height":4079,"id":7,"img_name":"PXL_20260331_200857290.jpg","position":[-0.7633897662162781,-0.17045898735523224,-0.2535218894481659],"rotation":[[0.11906170845031738,-0.748956561088562,0.6518346667289734],[0.8810040950775146,0.382445752620697,0.27850842475891113],[-0.4578821063041687,0.5411093235015869,0.7053684592247009]],"width":3071},{"fx":3018.650634765625,"fy":3016.072021484375,"height":4079,"id":8,"img_name":"PXL_20260331_200936978.jpg","position":[-0.5063222646713257,-0.22013936936855316,-0.13632455468177795],"rotation":[[0.02791440486907959,-0.8329116702079773,0.5527017116546631],[0.8774394392967224,0.28529781103134155,0.38562333583831787],[-0.4788748025894165,0.47419774532318115,0.7387932538986206]],"width":3071},{"fx":3018.650634765625,"fy":3016.072021484375,"height":4079,"id":9,"img_name":"PXL_20260331_201038530.jpg","position":[-0.7196620106697083,-0.07377982884645462,0.13713739812374115],"rotation":[[0.009252548217773438,-0.5619579553604126,0.8271139860153198],[0.8882322311401367,0.38454604148864746,0.2513320744037628],[-0.4593014717102051,0.7323439121246338,0.5027072429656982]],"width":3071},{"fx":3018.650634765625,"fy":3016.072021484375,"height":4079,"id":10,"img_name":"PXL_20260331_200921968.jpg","position":[0.5293963551521301,0.2542556822299957,-0.36738765239715576],"rotation":[[0.8087103366851807,0.4052691161632538,-0.42631515860557556],[-0.48569586873054504,0.8689134120941162,-0.09533671289682388],[0.3317939341068268,0.28415927290916443,0.8995367288589478]],"width":3071},{"fx":3018.650634765625,"fy":3016.072021484375,"height":4079,"id":11,"img_name":"PXL_20260331_200948105.jpg","position":[0.5298287868499756,-0.19744624197483063,-0.20880229771137238],"rotation":[[0.2383267879486084,0.8729259967803955,-0.4256766736507416],[-0.8499374389648438,0.39954203367233276,0.34347137808799744],[0.46990081667900085,0.27994003891944885,0.8371540307998657]],"width":3071},{"fx":3018.650634765625,"fy":3016.072021484375,"height":4079,"id":12,"img_name":"PXL_20260331_201004478.jpg","position":[0.12496519833803177,0.045470189303159714,-0.28358912467956543],"rotation":[[0.9979645609855652,-0.029783736914396286,-0.056388694792985916],[0.03599223867058754,0.9929996132850647,0.11250020563602448],[0.052643273025751114,-0.11430077254772186,0.9920504093170166]],"width":3071},{"fx":3018.650634765625,"fy":3016.072021484375,"height":4079,"id":13,"img_name":"PXL_20260331_201241179.jpg","position":[0.5534828305244446,0.31272178888320923,-0.29545655846595764],"rotation":[[0.8585348725318909,0.2550065517425537,-0.4448477327823639],[-0.383756160736084,0.8949443101882935,-0.2276090830564499],[0.3400721251964569,0.36612337827682495,0.8662012815475464]],"width":3071},{"fx":3018.650634765625,"fy":3016.072021484375,"height":4079,"id":14,"img_name":"PXL_20260331_201001392.jpg","position":[-0.10526464134454727,-0.028116801753640175,-0.2530117928981781],"rotation":[[0.6854268312454224,-0.6963703632354736,0.21274051070213318],[0.6641900539398193,0.717679500579834,0.2092551589012146],[-0.29839858412742615,-0.002128981053829193,0.9544389843940735]],"width":3071},{"fx":3018.650634765625,"fy":3016.072021484375,"height":4079,"id":15,"img_name":"PXL_20260331_200924760.jpg","position":[0.6801953911781311,-0.07953982800245285,-0.1537766009569168],"rotation":[[0.2942435145378113,0.7059046030044556,-0.6442977786064148],[-0.8201546669006348,0.5326097011566162,0.2089816927909851],[0.49068039655685425,0.4669322371482849,0.7356677651405334]],"width":3071},{"fx":3018.650634765625,"fy":3016.072021484375,"height":4079,"id":16,"img_name":"PXL_20260331_200927041.jpg","position":[0.6998080015182495,-0.4532623887062073,0.058267366141080856],"rotation":[[-0.39044272899627686,0.6844531893730164,-0.6156933903694153],[-0.808026134967804,0.06571942567825317,0.585469663143158],[0.44118958711624146,0.7260887026786804,0.5273964405059814]],"width":3071},{"fx":3018.650634765625,"fy":3016.072021484375,"height":4079,"id":17,"img_name":"PXL_20260331_201046889.jpg","position":[0.2115730494260788,0.6848443150520325,-0.17467810213565826],"rotation":[[0.9795072078704834,0.04533744975924492,-0.1962398737668991],[-0.14438343048095703,0.8373772501945496,-0.5272122621536255],[0.14042435586452484,0.5447419881820679,0.8267630338668823]],"width":3071},{"fx":3018.650634765625,"fy":3016.072021484375,"height":4079,"id":18,"img_name":"PXL_20260331_201015322.jpg","position":[0.4598783254623413,0.8197988867759705,-0.02491149865090847],"rotation":[[0.9170925617218018,0.007980018854141235,-0.3985944986343384],[-0.2893829345703125,0.701026201248169,-0.6517820358276367],[0.2742239832878113,0.7130908966064453,0.6452151536941528]],"width":3071},{"fx":3018.650634765625,"fy":3016.072021484375,"height":4079,"id":19,"img_name":"PXL_20260331_201235099.jpg","position":[-0.05348540097475052,0.8921706080436707,0.11243519932031631],"rotation":[[0.993389904499054,-0.09380657970905304,0.06615765392780304],[0.1059499979019165,0.5275174379348755,-0.8429116010665894],[0.044171325862407684,0.8443492650985718,0.5339692831039429]],"width":3071},{"fx":3018.650634765625,"fy":3016.072021484375,"height":4079,"id":20,"img_name":"PXL_20260331_201129495.jpg","position":[-0.2923091948032379,1.0,0.22566792368888855],"rotation":[[0.9515740275382996,0.016821786761283875,0.3069591820240021],[0.27389806509017944,0.40701377391815186,-0.8713895082473755],[-0.13959497213363647,0.9132671356201172,0.382696270942688]],"width":3071},{"fx":3018.650634765625,"fy":3016.072021484375,"height":4079,"id":21,"img_name":"PXL_20260331_201143214.jpg","position":[0.08534973859786987,-0.18972663581371307,-0.16398297250270844],"rotation":[[0.3447521924972534,-0.935624897480011,0.07584093511104584],[0.8640614151954651,0.34787559509277344,0.36384111642837524],[-0.36680203676223755,-0.05990380048751831,0.928368330001831]],"width":3071},{"fx":3018.650634765625,"fy":3016.072021484375,"height":4079,"id":22,"img_name":"PXL_20260331_200958341.jpg","position":[-0.20592880249023438,-0.3106432557106018,-0.12917198240756989],"rotation":[[-0.0744318962097168,-0.9332231283187866,0.35150307416915894],[0.8785997629165649,0.10536682605743408,0.46578994393348694],[-0.47172272205352783,0.3435001075267792,0.8120870590209961]],"width":3071},{"fx":3018.650634765625,"fy":3016.072021484375,"height":4079,"id":23,"img_name":"PXL_20260331_200934372.jpg","position":[-0.31005939841270447,-0.5940459370613098,0.061672817915678024],"rotation":[[-0.6101449728012085,-0.6564679741859436,0.44359084963798523],[0.6810654997825623,-0.14851057529449463,0.7170037031173706],[-0.4048120677471161,0.7395906448364258,0.5377107262611389]],"width":3071},{"fx":3018.650634765625,"fy":3016.072021484375,"height":4079,"id":24,"img_name":"PXL_20260331_201017941.jpg","position":[0.6832079887390137,0.500296413898468,0.1291949301958084],"rotation":[[0.6813774108886719,0.1377970427274704,-0.7188440561294556],[-0.5848280191421509,0.6930506229400635,-0.4214937090873718],[0.44011473655700684,0.707596480846405,0.55281662940979]],"width":3071},{"fx":3018.650634765625,"fy":3016.072021484375,"height":4079,"id":25,"img_name":"PXL_20260331_201136506.jpg","position":[-0.25230538845062256,0.04260328412055969,0.02224249392747879],"rotation":[[0.3883039951324463,-0.5172370672225952,0.7626832723617554],[0.8074653148651123,0.5898104906082153,-0.011105716228485107],[-0.44409430027008057,0.6201527118682861,0.646676778793335]],"width":3071},{"fx":3018.650634765625,"fy":3016.072021484375,"height":4079,"id":26,"img_name":"PXL_20260331_201034826.jpg","position":[-0.537970781326294,-0.5658760666847229,0.40711072087287903],"rotation":[[-0.6474010944366455,-0.39659416675567627,0.6508339643478394],[0.6535283327102661,0.15049773454666138,0.7417891025543213],[-0.39213827252388,0.9055736064910889,0.16175317764282227]],"width":3071},{"fx":3018.650634765625,"fy":3016.072021484375,"height":4079,"id":27,"img_name":"PXL_20260331_201247180.jpg","position":[-0.3905102610588074,-0.5832451581954956,0.10203089565038681],"rotation":[[-0.6920900344848633,-0.5270641446113586,0.4931681752204895],[0.6389965415000916,-0.12962031364440918,0.758209764957428],[-0.3357005715370178,0.8398821949958801,0.4265010356903076]],"width":3071},{"fx":3018.650634765625,"fy":3016.072021484375,"height":4079,"id":28,"img_name":"PXL_20260331_200929320.jpg","position":[0.35072237253189087,-0.6883435845375061,0.17749357223510742],"rotation":[[-0.917894721031189,0.2927958369255066,-0.26784294843673706],[-0.3603413701057434,-0.33230364322662354,0.8716239333152771],[0.16620267927646637,0.8965739607810974,0.4105262756347656]],"width":3071},{"fx":3018.650634765625,"fy":3016.072021484375,"height":4079,"id":29,"img_name":"PXL_20260331_200950674.jpg","position":[0.42081961035728455,-0.42961370944976807,-0.042096324265003204],"rotation":[[-0.6143765449523926,0.703974187374115,-0.3563168942928314],[-0.7030227780342102,-0.2834055423736572,0.6522578001022339],[0.35819050669670105,0.6512308120727539,0.6690276861190796]],"width":3071},{"fx":3018.650634765625,"fy":3016.072021484375,"height":4079,"id":30,"img_name":"PXL_20260331_200953485.jpg","position":[0.2248694747686386,-0.5372554659843445,0.021550225093960762],"rotation":[[-0.9971956014633179,0.021602991968393326,-0.07165499776601791],[-0.06905180215835571,-0.6348007917404175,0.7695842385292053],[-0.02886132150888443,0.7723738551139832,0.634512186050415]],"width":3071},{"fx":3018.650634765625,"fy":3016.072021484375,"height":4079,"id":31,"img_name":"PXL_20260331_200931582.jpg","position":[-0.00531507795676589,-0.7530947923660278,0.17217996716499329],"rotation":[[-0.974176287651062,-0.20415803790092468,0.09643769264221191],[0.16780328750610352,-0.3688582181930542,0.9142131805419922],[-0.15107214450836182,0.9067872762680054,0.39359116554260254]],"width":3071},{"fx":3018.650634765625,"fy":3016.072021484375,"height":4079,"id":32,"img_name":"PXL_20260331_201150193.jpg","position":[0.27914026379585266,-0.21852701902389526,-0.14323298633098602],"rotation":[[0.09090602397918701,0.9653640389442444,-0.24455763399600983],[-0.8853351473808289,0.19078469276428223,0.4240080714225769],[0.45598000288009644,0.17797058820724487,0.8720141649246216]],"width":3071},{"fx":3018.650634765625,"fy":3016.072021484375,"height":4079,"id":33,"img_name":"PXL_20260331_201031107.jpg","position":[0.02340042032301426,-0.7573925852775574,0.5498585104942322],"rotation":[[-0.9937500953674316,-0.09405363351106644,0.06012136489152908],[0.05491144210100174,0.05703544616699219,0.996860921382904],[-0.09718743711709976,0.9939320683479309,-0.051514387130737305]],"width":3071},{"fx":3018.650634765625,"fy":3016.072021484375,"height":4079,"id":34,"img_name":"PXL_20260331_201101774.jpg","position":[0.352914959192276,0.9913040399551392,0.43985515832901],"rotation":[[0.8894168138504028,-0.18194518983364105,-0.4193252623081207],[-0.38254618644714355,0.20583325624465942,-0.90071702003479],[0.25019219517707825,0.9615241289138794,0.11346906423568726]],"width":3071},{"fx":3018.650634765625,"fy":3016.072021484375,"height":4079,"id":35,"img_name":"PXL_20260331_200955747.jpg","position":[-0.07629271596670151,-0.5042412281036377,-0.03701818734407425],"rotation":[[-0.7504945993423462,-0.6268247365951538,0.20940059423446655],[0.5577281713485718,-0.4307438135147095,0.7095062136650085],[-0.3545380234718323,0.649269163608551,0.6728687286376953]],"width":3071},{"fx":3018.650634765625,"fy":3016.072021484375,"height":4079,"id":36,"img_name":"PXL_20260331_201140104.jpg","position":[-0.10065770894289017,-0.10296967625617981,-0.10270404070615768],"rotation":[[0.3618885278701782,-0.8323185443878174,0.4198601245880127],[0.8434406518936157,0.48416030406951904,0.2328016757965088],[-0.3970447778701782,0.2698788642883301,0.8772233724594116]],"width":3071},{"fx":3018.650634765625,"fy":3016.072021484375,"height":4079,"id":37,"img_name":"PXL_20260331_201258133.jpg","position":[-0.09524752199649811,-0.17644581198692322,-0.1308465600013733],"rotation":[[0.22756749391555786,-0.9235581159591675,0.3086315989494324],[0.8416851758956909,0.3459421396255493,0.414596289396286],[-0.4896724820137024,0.1654219925403595,0.856070339679718]],"width":3071},{"fx":3018.650634765625,"fy":3016.072021484375,"height":4079,"id":38,"img_name":"PXL_20260331_201026594.jpg","position":[0.6820966005325317,-0.42243674397468567,0.4961685538291931],"rotation":[[-0.6598360538482666,0.267633855342865,-0.702131450176239],[-0.675615131855011,0.19766628742218018,0.7102620601654053],[0.32887786626815796,0.943027138710022,0.05039018392562866]],"width":3071},{"fx":3018.650634765625,"fy":3016.072021484375,"height":4079,"id":39,"img_name":"PXL_20260331_201221704.MP.jpg","position":[-0.6176474094390869,0.6512176394462585,0.5470462441444397],"rotation":[[0.5919654369354248,0.10573592782020569,0.7989974021911621],[0.7511789798736572,0.2868766188621521,-0.5945014953613281],[-0.2920738458633423,0.9521143436431885,0.09039437770843506]],"width":3071},{"fx":3018.650634765625,"fy":3016.072021484375,"height":4079,"id":40,"img_name":"PXL_20260331_201124118.jpg","position":[-0.865621030330658,-0.11638074368238449,0.8205596208572388],"rotation":[[-0.4328799247741699,0.05342203378677368,0.8998672366142273],[0.7320467233657837,0.6033593416213989,0.3163307309150696],[-0.5260443091392517,0.7956780791282654,-0.3002896308898926]],"width":3071},{"fx":3018.650634765625,"fy":3016.072021484375,"height":4079,"id":41,"img_name":"PXL_20260331_201217590.jpg","position":[-0.5885095000267029,0.2942986488342285,0.7307404279708862],"rotation":[[0.17566955089569092,0.2587093412876129,0.9498473405838013],[0.8913031816482544,0.36787569522857666,-0.2650403678417206],[-0.41799426078796387,0.8931612968444824,-0.16596388816833496]],"width":3071},{"fx":3018.650634765625,"fy":3016.072021484375,"height":4079,"id":42,"img_name":"PXL_20260331_201022028.MP.jpg","position":[0.8434740900993347,0.1588364541530609,0.2624560296535492],"rotation":[[0.20188391208648682,0.27341407537460327,-0.9404720664024353],[-0.8493584990501404,0.5270129442214966,-0.029112011194229126],[0.4876813292503357,0.8046751022338867,0.33862197399139404]],"width":3071}]